4.137126,4.1515665,4.030666,4.3866963,4.014834,4.377914,3.7724552
3.0650482,3.1651237,3.4776049,3.347615,2.9014387,3.088912,2.9922736
2.3047304,2.3764472,2.648583,2.380138,2.1069095,2.4824142,2.383301
2.556416,2.0412226,1.950171,1.8847134,1.698462,2.008651,1.8225114
1.521524,1.5823429,1.7394826,1.5486763,1.5024853,1.6860043,1.4476783
1.3137562,1.3723359,1.3050802,1.2415848,1.1722989,1.3925549,1.2626603
1.0159178,1.097858,0.990377,0.80328035,1.0365086,1.0043468,1.0270542
0.83659756,0.77343726,0.7871281,0.82839763,0.69443506,0.8865644,0.81399846
0.70120686,0.70734346,0.744884,0.61391145,0.60557616,0.7925991,0.7318673
0.60044336,0.57522976,0.5744976,0.56336033,0.55984735,0.6306845,0.56176144
0.55713534,0.50645334,0.48396674,0.53526294,0.5434749,0.52128017,0.55970514
0.4983667,0.45806152,0.4998712,0.45873278,0.48016304,0.4963838,0.5107409
0.46906734,0.48770756,0.42282727,0.42707115,0.43639863,0.47242868,0.48432636
0.41701037,0.40744478,0.39502835,0.3886342,0.45694757,0.41278255,0.46434325
0.4255306,0.37651747,0.3886165,0.41174173,0.4153091,0.40649974,0.37390357
0.38718736,0.3876749,0.3553788,0.40571862,0.33776885,0.33363935,0.3523174
0.3817147,0.31004053,0.341915,0.34528616,0.36687034,0.36863816,0.314525
0.3316652,0.3652811,0.32765406,0.35353237,0.34903163,0.36801213,0.3573215
0.32862598,0.29954875,0.34606093,0.30087584,0.3520681,0.34577903,0.34042984
0.33189797,0.3531177,0.34600407,0.3165742,0.30239397,0.3547573,0.3090101
0.2913786,0.3388785,0.3192342,0.29421288,0.30885655,0.33211327,0.317793
0.32054144,0.29879564,0.32568616,0.3104956,0.31698784,0.3185265,0.31155956
0.31556416,0.31238875,0.32139474,0.32049045,0.3289038,0.32795143,0.30949575
0.30411312,0.29968315,0.2943039,0.31458145,0.35285795,0.2878142,0.29025856
0.2878886,0.30990487,0.2515055,0.27838516,0.27285326,0.3110912,0.26374173
0.29442582,0.26720226,0.29177594,0.2746387,0.3032067,0.28172356,0.29076692
0.26019925,0.27893892,0.29290178,0.2873612,0.28211543,0.27494115,0.2535935
0.29414663,0.2844991,0.2873438,0.34560335,0.26335615,0.29982573,0.316456
0.26931474,0.30346453,0.29034454,0.28973642,0.2620917,0.25966418,0.2870126
0.29319885,0.25161493,0.29909667,0.24502158,0.26814193,0.2709787,0.32100925
0.3365959,0.2784031,0.2555092,0.24763352,0.2751445,0.28836244,0.2946943
0.28089345,0.2061424,0.2604609,0.25387874,0.24137004,0.2686154,0.26846793
0.27310228,0.2844963,0.24642362,0.30330938,0.3151843,0.3218601,0.28048274
0.2434147,0.28100944,0.28421497,0.21977282,0.24298432,0.26806617,0.255176
0.26286694,0.24141571,0.24943328,0.26838893,0.24339402,0.2424092,0.24573094
0.2506677,0.27309474,0.2721718,0.25331262,0.29963425,0.26890746,0.24569717
0.24650042,0.28500998,0.29149568,0.2795748,0.23676778,0.26920158,0.2751326
0.25682718,0.25154063,0.25487334,0.28678954,0.26557437,0.23866993,0.27412933
0.2821213,0.2148059,0.24753329,0.22155996,0.2639515,0.26953486,0.23168293
0.35816386,0.23476037,0.26516542,0.26436526,0.25622702,0.22960764,0.28407452
0.2786636,0.24879345,0.299838,0.2776006,0.24803358,0.23822966,0.2275721
0.27652955,0.25329208,0.2372605,0.26172057,0.23551418,0.23605534,0.26926708
0.28996593,0.2207337,0.252156,0.25008178,0.26544297,0.23885298,0.25983524
0.25472826,0.24191259,0.2445198,0.27235743,0.2427867,0.25502798,0.27854717
0.26259655,0.22572434,0.24197805,0.26637274,0.26810753,0.25100645,0.25577128
0.29476917,0.21020192,0.27023202,0.34003362,0.23684405,0.24764588,0.24133274
0.22313735,0.21904744,0.24325073,0.23996198,0.26434994,0.265862,0.25089929
0.27337936,0.24348447,0.23236158,0.2395302,0.20525688,0.24418262,0.23394626
0.27395278,0.28390032,0.24510711,0.2707609,0.22656557,0.25162306,0.26522326
0.21704152,0.23091173,0.251337,0.22552499,0.24148846,0.24473405,0.23891881
0.24914965,0.24148323,0.21989866,0.24335372,0.21704292,0.2595713,0.26368362
0.21990405,0.23834959,0.24262801,0.2327896,0.26445946,0.24487239,0.2117072
0.2453034,0.21332034,0.2520005,0.21190125,0.31526503,0.2364194,0.2417942
0.23907164,0.18272536,0.23319802,0.2847133,0.22549224,0.21341123,0.21049836
0.19384193,0.17416915,0.22201979,0.22608218,0.21663964,0.22595868,0.25773516
0.2230579,0.23769741,0.21463408,0.2310805,0.2550961,0.2079266,0.19451596
0.2457299,0.22086406,0.22661054,0.2115455,0.19993055,0.20532933,0.2147812
0.22560534,0.21655896,0.21014136,0.20731853,0.24274659,0.21622294,0.23260362
0.25736755,0.21948278,0.22567664,0.22745079,0.20044312,0.22757357,0.21992967
0.22863054,0.21312231,0.22218165,0.19049573,0.22376586,0.20805067,0.20106603
0.2620971,0.1681323,0.21046272,0.20777851,0.23600328,0.2366332,0.18613859
0.21907291,0.2452525,0.21454972,0.20955175,0.18215138,0.21198487,0.1912109
0.23005822,0.21664828,0.21623719,0.20069788,0.22455826,0.23300084,0.1970102
0.20197749,0.22486626,0.23173052,0.16157207,0.20773399,0.21187466,0.22133884
0.26290083,0.16656873,0.21855304,0.20410976,0.20242453,0.23979345,0.18807587
0.22982539,0.19160676,0.18529096,0.20240372,0.19702263,0.20191999,0.23977351
0.22534268,0.18161535,0.22457966,0.18886,0.23685922,0.22375934,0.20278949
0.21368694,0.2112647,0.24019939,0.22562261,0.1951116,0.22246411,0.19383077
0.20091447,0.22015283,0.21249792,0.23786412,0.22319934,0.2011496,0.20609719
0.21703622,0.21141517,0.20407258,0.23770827,0.21318409,0.18743247,0.20453352
0.2229259,0.20239636,0.21384779,0.21954691,0.22180977,0.20988698,0.18598594
0.22516164,0.23152044,0.19052586,0.22699633,0.21292208,0.26298708,0.19171193
0.23223972,0.17099097,0.19846803,0.20570841,0.21114984,0.18577,0.20933291
0.22395888,0.18765268,0.22086047,0.17584309,0.20542255,0.19339995,0.2031256
0.19296557,0.1685974,0.18494453,0.19832528,0.22404566,0.19854149,0.18647975
0.22458819,0.18830948,0.21056005,0.16710481,0.18038028,0.21292287,0.20026967
0.20358908,0.16857544,0.21264036,0.23781982,0.1988622,0.20056155,0.16876718
0.19293517,0.17349607,0.16753149,0.21621919,0.17174675,0.19365518,0.18274167
0.18009408,0.18882713,0.2071858,0.20705694,0.19501333,0.19240259,0.21299091
0.21447003,0.19662699,0.20178196,0.2069791,0.20989323,0.21404202,0.19005087
0.2082848,0.177082,0.16499,0.1751175,0.17310101,0.21278182,0.19890651
0.18912469,0.15722111,0.18939963,0.19664326,0.15141305,0.19503988,0.19323853
0.17372563,0.2069456,0.19590758,0.1658226,0.20120656,0.21636379,0.1756002
0.1857853,0.19640008,0.21521777,0.19178203,0.17687643,0.20346993,0.1828493
0.18150991,0.1738797,0.20050725,0.19011489,0.15487318,0.22359812,0.17933239
0.16465858,0.15729265,0.18465006,0.16686822,0.17017671,0.19532736,0.20311522
0.16029805,0.19668627,0.16360569,0.17344795,0.16988817,0.19634487,0.1692838
0.17484191,0.18051243,0.23813273,0.16575897,0.17297287,0.18487336,0.19145676
0.22039908,0.15799318,0.16965026,0.1919516,0.16891474,0.19197305,0.19115894
0.16556194,0.16247699,0.18706025,0.18363732,0.1772461,0.19483094,0.13541709
0.17015535,0.18131207,0.14972407,0.20671183,0.17740554,0.20669228,0.16806906
0.1999632,0.18280342,0.18607432,0.20258358,0.17320572,0.23325488,0.15447614
0.17483339,0.14324346,0.17516634,0.23491788,0.18039644,0.17581478,0.17201771
0.19310524,0.1757107,0.17282788,0.2018908,0.16426404,0.1884009,0.192525
0.17081684,0.16473436,0.17574857,0.19500041,0.17188224,0.1707273,0.17403094
0.15601942,0.20110108,0.19610949,0.18721992,0.19497707,0.17742184,0.15763476
0.16291602,0.16344883,0.15524659,0.18602113,0.20337662,0.22131322,0.17941284
0.18198758,0.13709876,0.17172427,0.21568073,0.17604029,0.1734542,0.15853783
0.14321373,0.17792572,0.18351033,0.19711176,0.1546373,0.20176174,0.15508607
0.1586659,0.16141245,0.16646248,0.1670557,0.12167373,0.18823053,0.12661631
0.1491963,0.16127783,0.1999157,0.17973492,0.17736834,0.1854119,0.16806087
0.16726944,0.15563446,0.13813576,0.20155889,0.13440332,0.17370489,0.17028782
0.14768013,0.16094196,0.15736672,0.16988134,0.13917789,0.17007148,0.18180093
0.1568065,0.16033745,0.1725336,0.1735911,0.16565119,0.16442129,0.17699389
0.13682991,0.20376275,0.17731336,0.18079787,0.15567887,0.16440988,0.1463252
0.18500414,0.15227243,0.16533285,0.1674514,0.14544603,0.21206859,0.1547128
0.14868885,0.17336896,0.15894857,0.18137628,0.13456056,0.16467291,0.15244591
0.18127695,0.1401701,0.18380749,0.19955918,0.18741867,0.17363249,0.15883055
0.12955937,0.18449487,0.16544127,0.18350115,0.14694247,0.16949475,0.13930994
0.144593,0.15021408,0.17247167,0.16638675,0.15383226,0.1934379,0.17010453
0.16277003,0.15835628,0.14379145,0.16526575,0.1371082,0.15516126,0.15126912
0.14236258,0.14281532,0.13796282,0.1450084,0.15456109,0.17528704,0.124423966
0.17110379,0.13519013,0.15736613,0.17624977,0.13426341,0.19529355,0.13146941
0.16659364,0.14469199,0.15093452,0.17639893,0.15298083,0.15142949,0.12341173
0.1756404,0.15261802,0.16068718,0.1366913,0.13403875,0.17233321,0.14383861
0.18476087,0.11615451,0.14032298,0.18366423,0.15158868,0.1884459,0.13161406
0.15464333,0.121962264,0.17069724,0.17533812,0.15658498,0.18795776,0.14182179
0.15418614,0.12038736,0.15750416,0.1878216,0.120716326,0.1515787,0.11894411
0.16538358,0.15936151,0.18417092,0.18669468,0.1465737,0.1551209,0.13987714
0.13300815,0.15253322,0.15208735,0.193017,0.15747,0.20279375,0.14109722
0.14505953,0.1386136,0.15486151,0.17349628,0.15381825,0.16805106,0.14446026
0.13178352,0.14635038,0.16040315,0.15325433,0.14145182,0.18637094,0.12855381
0.14279616,0.1482442,0.17329052,0.17333525,0.12533623,0.14152578,0.11679806
0.15397757,0.15690708,0.14304152,0.17847432,0.12415839,0.14772755,0.14356115
0.14232937,0.14056,0.14069888,0.17619522,0.11216416,0.1766972,0.1198352
0.14767863,0.13375467,0.15716359,0.20022556,0.15073733,0.17237666,0.15332142
0.14265154,0.122550294,0.1290669,0.16927809,0.14187795,0.14724898,0.13453332
0.12807007,0.13932341,0.12364671,0.15858582,0.1429863,0.14992875,0.13445939
0.13799521,0.16600904,0.13685648,0.16072872,0.12819773,0.16947111,0.1422785
0.15912387,0.14447749,0.13440241,0.2144534,0.1410695,0.1673193,0.121750906
0.1297065,0.14744976,0.12694106,0.11927548,0.13880332,0.13531137,0.13797095
0.13124909,0.12635466,0.14259058,0.15819506,0.13412787,0.1477362,0.120927826
0.12687781,0.1216536,0.14397225,0.20091659,0.1355339,0.14683883,0.116657905
0.16652605,0.12796068,0.1281538,0.20310017,0.15509036,0.16557047,0.13962647
0.15565167,0.1310602,0.14775264,0.16479246,0.12289286,0.1487175,0.14610499
0.12032503,0.12910137,0.11558419,0.17706135,0.11084579,0.18566294,0.12672168
0.11754955,0.13232791,0.13606358,0.17996868,0.11358166,0.1633836,0.15109974
0.13802397,0.10287624,0.16478331,0.16206552,0.13578829,0.14683224,0.13859926
0.14602488,0.13781565,0.14871326,0.19406193,0.14337005,0.15950532,0.11950911
0.1570637,0.13143776,0.12885089,0.13863437,0.14455877,0.13581315,0.15111594
0.1475439,0.14368695,0.13891307,0.19043577,0.14971122,0.15341848,0.13374594
0.13953376,0.11838423,0.13082421,0.1489482,0.1144246,0.14747605,0.12756102
